20 0.08490566037735849 0.4634146341463415 0.0660377358490566 0.3170731707317073
10 0.14858490566037735 0.4695121951219512 0.06132075471698113 0.32926829268292684
1 0.20518867924528303 0.4634146341463415 0.04245283018867924 0.3170731707317073
9 0.25235849056603776 0.4634146341463415 0.05188679245283019 0.3170731707317073
29 0.3160377358490566 0.4573170731707317 0.05660377358490566 0.3048780487804878
27 0.37264150943396224 0.4634146341463415 0.05660377358490566 0.3170731707317073
0 0.4410377358490566 0.4634146341463415 0.05188679245283019 0.3170731707317073
2 0.4858490566037736 0.4695121951219512 0.04716981132075472 0.3048780487804878
2 0.5495283018867925 0.4695121951219512 0.05188679245283019 0.3048780487804878
0 0.5943396226415094 0.4817073170731707 0.04716981132075472 0.3048780487804878
1 0.6391509433962265 0.4695121951219512 0.04245283018867924 0.3048780487804878
0 0.6839622641509434 0.47560975609756095 0.05660377358490566 0.3170731707317073
2 0.7735849056603774 0.4634146341463415 0.05660377358490566 0.3170731707317073
0 0.8207547169811321 0.47560975609756095 0.04716981132075472 0.34146341463414637
1 0.8608490566037735 0.47560975609756095 0.04245283018867924 0.3170731707317073
1 0.8985849056603774 0.47560975609756095 0.04245283018867924 0.3170731707317073