17 0.14450867052023122 0.5337837837837838 0.046242774566473986 0.20270270270270271
27 0.1936416184971098 0.5337837837837838 0.04046242774566474 0.20270270270270271
9 0.2630057803468208 0.5405405405405406 0.04046242774566474 0.21621621621621623
9 0.30346820809248554 0.5472972972972973 0.04046242774566474 0.20270270270270271
17 0.3699421965317919 0.5405405405405406 0.046242774566473986 0.21621621621621623
10 0.41329479768786126 0.5540540540540541 0.04046242774566474 0.21621621621621623
29 0.5 0.527027027027027 0.028901734104046242 0.16216216216216217
14 0.5317919075144508 0.527027027027027 0.03468208092485549 0.16216216216216217
22 0.569364161849711 0.5337837837837838 0.04046242774566474 0.17567567567567569
25 0.6040462427745664 0.5405405405405406 0.04046242774566474 0.16216216216216217
4 0.7023121387283237 0.5608108108108109 0.04046242774566474 0.20270270270270271
5 0.7398843930635838 0.5608108108108109 0.03468208092485549 0.20270270270270271
7 0.7745664739884393 0.5675675675675675 0.03468208092485549 0.1891891891891892
5 0.8121387283236994 0.5675675675675675 0.04046242774566474 0.21621621621621623