16 0.36278195488721804 0.39714285714285713 0.15413533834586465 0.36
19 0.4849624060150376 0.3 0.12030075187969924 0.36
0 0.5789473684210527 0.22285714285714286 0.15037593984962405 0.34285714285714286
1 0.6842105263157895 0.14285714285714285 0.11278195488721804 0.2742857142857143
22 0.35902255639097747 0.8514285714285714 0.17669172932330826 0.29714285714285715
32 0.4755639097744361 0.7914285714285715 0.17669172932330826 0.3942857142857143
7 0.5657894736842105 0.6942857142857143 0.11654135338345864 0.37142857142857144
5 0.6804511278195489 0.5857142857142857 0.15789473684210525 0.3485714285714286
8 0.7857142857142857 0.5114285714285715 0.13533834586466165 0.32571428571428573
1 0.8834586466165414 0.4142857142857143 0.12781954887218044 0.33714285714285713
13 0.21605263157894736 0.7655428571428572 0.06394736842105264 0.1292
13 0.16424812030075187 0.8023999999999999 0.07845864661654135 0.1266857142857143