17 0.059375 0.5344827586206896 0.08125 0.3497536945812808
27 0.14583333333333334 0.5369458128078818 0.07916666666666666 0.3448275862068966
9 0.23541666666666666 0.5492610837438424 0.07083333333333333 0.35960591133004927
9 0.3104166666666667 0.5566502463054187 0.07083333333333333 0.35467980295566504
11 0.38958333333333334 0.5566502463054187 0.07083333333333333 0.33497536945812806
19 0.45208333333333334 0.5492610837438424 0.05 0.33004926108374383
29 0.5479166666666667 0.46798029556650245 0.025 0.13793103448275862
14 0.5708333333333333 0.46798029556650245 0.020833333333333332 0.13793103448275862
22 0.6010416666666667 0.47044334975369456 0.03958333333333333 0.14285714285714285
25 0.634375 0.4802955665024631 0.03125 0.14285714285714285
6 0.6916666666666667 0.5566502463054187 0.07083333333333333 0.35467980295566504
6 0.765625 0.5689655172413793 0.06875 0.3103448275862069
6 0.8375 0.5689655172413793 0.07083333333333333 0.32019704433497537
2 0.9104166666666667 0.5665024630541872 0.06666666666666667 0.3448275862068966
28 0.18541666666666667 0.8201970443349754 0.05416666666666667 0.09359605911330049
30 0.24583333333333332 0.8251231527093597 0.05416666666666667 0.09359605911330049
25 0.30520833333333336 0.8251231527093597 0.052083333333333336 0.09359605911330049
14 0.3625 0.8251231527093597 0.05416666666666667 0.09359605911330049
27 0.4239583333333333 0.8300492610837439 0.06041666666666667 0.09359605911330049
24 0.4864583333333333 0.8251231527093597 0.06041666666666667 0.09359605911330049
23 0.55 0.8300492610837439 0.058333333333333334 0.08374384236453201
17 0.6520833333333333 0.8226600985221675 0.05 0.09852216748768473
34 0.6989583333333333 0.8275862068965517 0.04791666666666667 0.08866995073891626
30 0.746875 0.8275862068965517 0.04791666666666667 0.08866995073891626
23 0.79375 0.8275862068965517 0.05 0.08866995073891626
13 0.840625 0.8300492610837439 0.04791666666666667 0.08374384236453201
10 0.8885416666666667 0.8275862068965517 0.04791666666666667 0.08866995073891626
18 0.9229166666666667 0.8300492610837439 0.020833333333333332 0.08374384236453201