16 0.1111111111111111 0.4536082474226804 0.07729468599033816 0.24742268041237114
19 0.18357487922705315 0.4639175257731959 0.06763285024154589 0.24742268041237114
32 0.2608695652173913 0.4742268041237113 0.0966183574879227 0.24742268041237114
1 0.3719806763285024 0.4793814432989691 0.04830917874396135 0.23711340206185566
1 0.4492753623188406 0.4896907216494845 0.04830917874396135 0.23711340206185566
5 0.5024154589371981 0.4896907216494845 0.057971014492753624 0.23711340206185566
10 0.606280193236715 0.5 0.07246376811594203 0.23711340206185566
1 0.7053140096618358 0.5051546391752577 0.04830917874396135 0.24742268041237114
1 0.7536231884057971 0.5154639175257731 0.04830917874396135 0.24742268041237114
3 0.8067632850241546 0.5154639175257731 0.057971014492753624 0.24742268041237114
8 0.8647342995169082 0.5154639175257731 0.057971014492753624 0.24742268041237114