17 0.06428571428571428 0.48314606741573035 0.06190476190476191 0.2247191011235955
27 0.12380952380952381 0.48314606741573035 0.05714285714285714 0.2247191011235955
9 0.1761904761904762 0.48314606741573035 0.047619047619047616 0.2247191011235955
9 0.2261904761904762 0.48314606741573035 0.05238095238095238 0.2247191011235955
14 0.30238095238095236 0.48314606741573035 0.05238095238095238 0.2247191011235955
33 0.3595238095238095 0.4887640449438202 0.06190476190476191 0.23595505617977527
29 0.4642857142857143 0.4887640449438202 0.05238095238095238 0.23595505617977527
14 0.5190476190476191 0.48314606741573035 0.05714285714285714 0.2247191011235955
22 0.580952380952381 0.4943820224719101 0.06666666666666667 0.2247191011235955
25 0.6404761904761904 0.4943820224719101 0.05238095238095238 0.2247191011235955
6 0.7476190476190476 0.48314606741573035 0.047619047619047616 0.2247191011235955
0 0.7976190476190477 0.48314606741573035 0.05238095238095238 0.24719101123595505
3 0.8476190476190476 0.4943820224719101 0.047619047619047616 0.24719101123595505
7 0.8952380952380953 0.4943820224719101 0.05714285714285714 0.2247191011235955