22 0.09584664536741214 0.7134831460674157 0.10223642172523961 0.4606741573033708
1 0.28115015974440893 0.651685393258427 0.06389776357827476 0.449438202247191
17 0.19329073482428116 0.6797752808988764 0.0926517571884984 0.4606741573033708
4 0.35303514376996803 0.6235955056179775 0.07987220447284345 0.4606741573033708
29 0.43769968051118213 0.5842696629213483 0.08306709265175719 0.449438202247191
12 0.5175718849840255 0.5617977528089888 0.08306709265175719 0.47191011235955055
2 0.6070287539936102 0.5224719101123596 0.06389776357827476 0.43820224719101125
0 0.6677316293929713 0.4887640449438202 0.06389776357827476 0.43820224719101125
6 0.7284345047923323 0.4550561797752809 0.05750798722044728 0.4606741573033708
10 0.8354632587859425 0.4101123595505618 0.07987220447284345 0.4157303370786517
23 0.9105431309904153 0.3651685393258427 0.07667731629392971 0.4606741573033708